0 0.445 0.5437500000000001 0.295 0.6425
0 0.24875 0.02625 0.4325 0.0025
0 0.55875 0.12375 0.17250000000000001 0.1675
0 0.895 0.15125 0.2 0.2425
0 0.7125 0.3375 0.195 0.21
0 0.9025 0.41250000000000003 0.18 0.24
0 0.9125 0.62625 0.165 0.2225
0 0.74875 0.55625 0.1525 0.1975
0 0.84875 0.82125 0.2125 0.2475
0 0.6687500000000001 0.85375 0.1825 0.2175
0 0.11625 0.8575 0.1675 0.23
0 0.25625 0.7887500000000001 0.1625 0.23750000000000002
0 0.19 0.3625 0.17 0.215
0 0.10875 0.555 0.1375 0.23500000000000001
